10721
161169
161169
160642
335004
335004
304094
303606
177256
390330
390330
70240
70240
9992
9992
9992
9928
9928
9928
7569
7569
7569
28147
43456
57130
57130
59898
71384
46047
38161
32940
26891
26891
26074
26074
20912
30467
13241
13241
13241
13241
8478
8478
1406
1406
1406
36527
37357
37357
1438
1438
1438
2283
5727
78980
78980
77396
37338
36170
5352
5352
1989
852
476
25892
40754
41726
41726
72500
72500
72500
165216
165216
165216
157868
141148
1082
9833
9833
68688
100681
104723
86973
25492
25492
25492
27513
16503
16503
16503
16503
2875
2875
15765
15765
39971
39971
56465
56465
45572
45572
56246
31991
31991
31991
8823
8823
4427
4427
76379
80147
89890
89890
148911
148911
148911
114507
114507
108452
107882
102779
101519
21911
21911
7639
41656
41656
22877
1382
1382
5270
98953
98953
98953
77899
77899
76178
68954
68954
68954
61458
61458
1314
2137
26756
29935
282
4126
4126
4126
294370
294370
1578
529
111744
81584
19314
19314
14589
11285
11285
10777
2736
10585
15002
2286
124185
124185
70591
70591
70591
5679
22660
22660
1381
1381
1179
7462
7462
7048
7048
6802
6802
11287
11610
11610
11610
12005
11622
2627
2627
13771
13771
13771
711
35984
21641
4080
33893
29569
29569
29569
29489
3094
2437
506
506
4639
18572
18572
18572
18572
15766
15766
15766
15766
404
27161
27474
27474
930
15148
1279
1279
1279
6670
6670
6670
6670
74
74
74
1417
1417
17693
17334
17334
38176
56332
56332
14384
14384
14384
6673
6673
6673
25762
25762
25762
25762
2012
4159
4159
7604
9812
6628
4198
4198
2966
17414
17414
12510
9958
9958
534
858
3982
1217
1556
10234
1255
1255
9856
9105
9105
30293
30293
1403
1403
1403
10552
10552
35353
2095
3345
6088
5605
14305
14305
21759
21759
21759
21759
19539
19539
19539
25454
25454
25454
50912
50053
50053
7291
7291
4421
4421
7090
7090
20126
20126
13338
17901
17901
5171
5171
335
1103
1103
35802
59818
85008
114438
118257
216966
216966
352045
259769
259769
234669
185808
372672
373462
394120
394120
394120
394120
394120
373818
40567
40567
40567
40567
293510
293510
293510
283235
19283
19283
19283
26422
28727
28727
28727
9212
9212
75763
11362
39665
39665
39665
61321
61321
90578
110775
111099
115962
74382
62293
58870
55873
45816
30142
32734
32734
37266
60187
40601
40601
39229
39229
39229
38632
44933
150777
150777
163996
163996
25374
25374
5807
5807
5807
2594
22069
22069
87150
87150
167046
167046
117197
117197
71949
71949
47743
47436
45994
25284
518
37461
37461
42267
7702
7702
7702
8232
318106
170231
36178
36178
1658
1658
1658
60840
60840
60840
61957
61957
67580
67580
67580
74986
72853
8679
40736
40736
6238
7550
15874
15874
15874
23711
46165
46165
53626
64182
32396
32396
81539
82176
82176
145185
102283
43248
40384
10368
10368
11756
11756
37639
37639
5918
5381
7469
18395
23406
23406
103120
90453
56733
56733
20089
20089
20089
125086
125086
122108
122108
91458
91458
91458
53552
5502
5502
54084
6393
6393
6393
6393
787006
787006
99001
99001
89992
85959
35883
16951
17485
7982
7982
69101
80999
80999
98564
104744
104744
111450
107451
5559
6355
155192
222122
222122
231849
882754
19421
19421
44056
46977
33492
33492
107878
107878
107878
5922
481
8898
18149
19137
18568
18568
12575
12575
8245
7546
7546
11270
11270
12483
12483
12483
12483
2644
3324
3324
12630
12630
21349
25627
26322
29292
29292
43397
53257
55906
38426
29560
19960
1026
1026
2338
2338
7068
7068
571
571
1046
1046
27630
27630
27630
1345
4646
15074
15074
21630
21630
21630
17417
22544
28454
28454
51126
54204
55114
56917
56917
35010
28206
27208
23804
12362
12362
12362
10846
9895
18706
18706
19871
39868
40226
40226
50231
50231
50231
61888
61888
63341
64229
34681
34681
29022
29022
29022
25430
17197
21055
9551
31920
31210
23072
23072
22336
5351
5351
17457
17457
8406
14408
14408
9586
7184
7184
7184
37122
37122
27385
20385
25557
25557
25557
8149
8149
1189
53788
59882
64659
71691
73662
76562
79491
72906
44828
44828
44041
43152
42682
42682
13787
13787
47709
51422
51422
51422
757
757
317178
317178
317178
317178
234027
234027
13523
13523
9659
636
18314
18314
25277
29324
29324
29324
35912
35246
35246
33182
17055
16228
16228
34624
42614
50947
37103
55726
55726
12109
14262
382
382
382
56528
56528
57186
27774
27774
27774
22736
3894
121146
121146
121146
121146
119907
113767
113767
113767
133604
133604
152798
319038
5687
7047
19487
23257
23257
23257
23257
21200
35970
8048
14608
14608
112555
112555
150577
150577
153417
35708
35708
35708
324075
324075
324075
348501
351176
406926
406926
406926
1229
1229
301849
301849
301849
293809
293809
284059
284059
129713
103655
103655
301323
301323
301323
93371
93371
82889
20299
20299
42287
111750
111750
91349
68777
62049
62049
58925
53161
35852
36783
29712
47564
47564
47564
15971
18433
18433
25046
31178
31178
32591
45880
45880
45880
55150
55150
2369
8820
8820
42184
32652
31146
31146
14041
10893
5491
21070
21070
21070
21070
47703
47703
47703
47703
47703
59528
59528
59528
43257
1031
77484
77484
39150
44795
44795
60563
55457
55457
55457
48950
48950
42850
42850
42254
91675
113293
113293
21791
21791
21791
28175
21213
60916
60916
60916
52099
452
60596
63412
67385
103180
103180
164945
164945
164945
167808
167808
167808
168717
229142
254884
254884
246188
246188
189983
189983
187512
179476
140636
140128
134631
133714
133714
44714
44714
44714
19915
5070
20430
20430
3976
73490
170524
59429
59429
44504
8989
80184
77334
76802
76802
419197
419197
419197
273827
273827
273827
255297
255297
58746
58746
113813
121206
111769
100431
100431
37588
37588
7478
7478
7478
7610
19792
19792
20668
44430
52593
53983
53983
54853
56681
64314
64879
64879
64879
64879
54707
23865
10002
10002
1120
1120
1120
3145
66560
66560
74701
59839
43735
43239
36709
36383
36045
36045
16209
12410
49325
49325
49325
56856
96707
96707
102872
102872
107462
126331
126331
126996
155893
159151
159151
165768
167086
166347
159077
158533
158533
154988
149951
148355
148355
141564
141564
141564
141564
131748
130734
81232
61462
59282
59282
54418
54418
54418
54418
45876
45876
24882
47
5318
5318
2295
2295
8043
8043
9024
4121
27079
33802
33802
87888
87888
88754
1729
2727
52031
6517
8266
8266
6475
6475
37710
39212
64863
64863
64863
79535
79535
79535
29339
24954
24954
24954
66218
66218
138487
79551
78767
78767
78767
77549
77549
77549
5453
5453
45240
40060
6876
6876
6876
9465
9465
29248
39264
39264
4074
57363
57710
618
7112
7112
9696
9696
8761
7540
6936
1435
1435
1435
1182
1182
3714
3714
3714
3714
27610
27610
27610
27610
18598
3148
543
11890
11890
18645
9759
9759
9759
9759
9759
13771
13771
14270
14270
14270
31379
35363
37892
37892
37892
37892
12548
12548
9035
11015
4949
4949
4949
4949
37010
4965
2102
324
324
324
9724
86508
86508
85996
53303
29637
28149
25785
22618
19276
18455
16950
5493
5493
43973
43973
51654
51654
51654
58348
58348
60763
60763
66106
66106
61237
56687
52546
2609
84873
84873
12438
12438
12438
12438
2550
11327
11327
12165
12165
12165
204
204
894
10194
10194
10194
10194
9832
9832
11125
8670
7272
7004
7004
6200
6200
8090
8090
24577
45885
45885
38833
27359
20349
2759
12376
12376
16764
16764
11653
2120
61217
29557
29557
4065
27255
27255
31753
31753
31753
24113
559
1162
276
19789
19789
5324
2814
12643
12643
15790
4867
2584
2584
1637
1637
1637
1637
622
17158
5219
15318
34976
34426
34426
11804
47846
42024
25842
52233
52233
52233
28976
10239
10239
11033
11355
12169
15852
7880
7880
7880
3536
14162
5560
5560
5132
16270
16270
28241
28241
9271
9271
9271
9271
565
565
95987
40591
40591
40591
245018
411
411
21875
315491
315491
315491
4574
4574
11973
3253
3253
19852
19852
19852
36027
36027
61233
61233
61233
61233
61233
61233
61233
54277
53056
53056
43135
43135
7583
11643
12948
7553
62003
62003
228170
228170
297444
304851
307261
307261
321500
360497
360497
365694
365694
454207
455325
503644
503644
566804
566804
598547
701506
588756
588756
571310
571310
498837
268933
268933
198819
198819
193105
193105
192246
192246
6602
29068
19921
19921
10926
30901
64589
90535
112376
137949
184155
184155
229024
229024
229024
235908
252850
244450
244450
239434
145605
233953
87170
1875
6098
847
847
80744
80744
80744
82028
75761
42459
42459
35734
35734
35734
35734
131178
83470
83470
41281
41281
41281
94672
4827
4827
88037
88037
89778
89778
89778
94405
463326
1244
1244
1244
1244
8733
20926
34954
37365
37365
50787
51862
56808
90694
94777
94777
106922
107357
107357
143158
143158
143158
143158
107583
107583
107583
143427
127902
120029
115688
115688
113318
100815
100815
78794
78178
1000000
847943
847943
357779
357299
357299
357299
30030
7405
7405
28754
28754
94218
94218
19660
19290
14841
20629
20629
18397
48287
48287
35021
35021
35021
35021
52950
120809
316048
358075
358075
358075
452939
452939
574237
639746
640032
640032
30580
10217
10753
10753
40186
20614
20614
134046
134046
20719
68969
74119
81646
83940
83940
103761
121781
149873
52166
52166
52769
52769
1200
792
78501
78501
83062
83594
83594
83594
91567
91851
634
634
95983
119861
119861
120704
120704
120704
110911
100901
97902
97902
106364
116412
72397
106616
76527
37034
37034
27075
18346
18346
16815
28545
701346
701346
305604
305604
239442
239442
234393
201592
201592
201078
183486
183486
37837
37837
143932
143932
212902
246892
913
913
7579
7579
41725
41725
41725
41725
